[EVENTO]
idLote=123456789012347

[EVENTO001]
versao=1.00
cOrgao=91
tpAmb=2
CNPJ=11111111000111
chNFe=35240111111111000111550010000001231000001234
dhEvento=29/07/2024 14:30:00
tpEvento=110130
nSeqEvento=1
versaoEvento=1.00
descEvento=Comprovante de Entrega da NF-e
cOrgaoAutor=35
tpAutor=1
verAplic=AppEntrega v2.1
dhEntrega=29/07/2024 14:25:10
nDoc=987654321
xNome=Jose da Silva
latGPS=-23.55052
longGPS=-46.633308
hashComprovante=bXkgZGF0YQ==
dhHashComprovante=29/07/2024 14:25:12
