[EVENTO]
idLote=123456789012353

[EVENTO001]
versao=1.00
cOrgao=91
tpAmb=2
CNPJ=11111111000111
chNFe=35240111111111000111550010000001231000001234
dhEvento=30/07/2024 09:00:00
tpEvento=610130
nSeqEvento=1
versaoEvento=1.00
descEvento=Insucesso na Entrega da NF-e
cOrgaoAutor=35
verAplic=AppEntrega v2.2
dhTentativaEntrega=30/07/2024 08:55:00
nTentativa=1
tpMotivo=1
xJustMotivo=Destinatario Ausente
latGPS=-22.906847
longGPS=-43.172897
hashTentativaEntrega=ZGF0YSBmb3IgaW5zdWNlc3M=
dhHashTentativaEntrega=30/07/2024 08:55:02
